1	0.022653370859648896434
2	0.090576382823230770461
3	0.20365787772251146299
4	0.36171307021014041678
5	0.56448426285300642927
6	0.81164184266201034029
7	1.1027855544840635048
8	1.4374460454132527905
9	1.8150866731375190991
10	2.23510556993087476
11	2.6968379528349642209
12	3.1995586694532831132
13	3.7424849677120182685
14	4.3247794769284086904
15	4.945553386575630352
16	5.60386980824704992
17	6.2987473055065239535
18	7.0291635755691456797
19	7.7940592660920018352
20	8.592341909770256523
21	9.4228899589329897965
22	10.284556901918037511
23	11.176175442677535693
24	12.096561724827465756
25	13.044519581206286352
26	14.01884478995033981
27	15.018329318127306066
28	16.041765534093267516
29	17.087950369953221958
30	18.155689415807973417
31	19.243800927860642388
32	20.351119732931540598
33	21.476501012488406029
34	22.618823949937142426
35	23.77699522563301358
36	24.949952344860092237
37	26.136666784883685984
38	27.336146948102151374
39	28.547440909306341405
40	29.769638946091997524
41	31.001875842557515527
42	32.243332957551264101
43	33.493240049903380089
44	34.750876854280884757
45	36.01557440253608219
46	37.286716086670409215
47	38.56373846080300378
48	39.846131780808977509
49	41.13344028157041538
50	42.425262193057175076
51	43.721249497718342147
52	45.021107432912495701
53	46.324593743329623671
54	47.631517689553588118
55	48.941738820075620857
56	50.255165515190748656
57	51.571753312284833245
58	52.891503023044826734
59	54.214458654093910337
60	55.540705143461711046
61	56.870365926143392363
62	58.203600342776036405
63	59.540600906162670083
64	60.881590441000199577
65	62.226819112714451164
66	63.576561361770916925
67	64.931112760211526173
68	66.290786807464083906
69	67.655911682680641838
70	69.026826970983136706
71	70.403880381028724884
72	71.787424471253383414
73	73.177813402010997293
74	74.575399730597210927
75	75.980531265834120948
76	77.393547998495186503
77	78.814779123371706987
78	80.244540168225446662
79	81.683130244239443496
80	83.130829431874075467
81	84.587896315261781069
82	86.054565677435492005
83	87.531046367787205623
84	89.017519352198871061
85	90.514135955282829211
86	92.021016303118624623
87	93.538247973782512502
88	95.065884861841026801
89	96.603946261826334069
90	98.152416174534688217
91	99.711242838796148069
92	101.28033849015992451
93	102.85957934673143641
94	104.44880582119053934
95	106.04782295682159919
96	107.65640108420121719
97	109.27427669402450304
98	110.9011535204117573
99	112.53670382793004855
100	114.1805698944940723
101	115.83236568128328096
102	117.49167867983278123
103	119.15807192552886073
104	120.83108616587091448
105	122.51024217105437967
106	124.19504317368812477
107	125.88497742378830778
108	127.5795208445923925
109	129.27813977421479322
110	130.98029377772211911
111	132.68543851384342089
112	134.39302864025100269
113	136.10252074115162747
114	137.81337626081726416
115	139.52506442665941357
116	141.23706514551158826
117	142.94887185693035345
118	144.65999432755567174
119	146.36996137088491527
120	148.07832347721017184
121	149.78465533894331925
122	151.48855825710531291
123	153.18966241538237112
124	154.88762900884901908
125	156.58215221522267504
126	158.27296099734269341
127	159.95982072645426301
128	161.64253461681973457
129	163.32094496317198173
130	164.99493417356119337
131	166.66442559122273303
132	168.32938410020386203
133	169.98981651062551477
134	171.64577172061609803
135	173.2973406531315097
136	174.94465596706319808
137	176.58789154322801943
138	178.22726174702378362
139	179.86302047071659908
140	181.49545995949436829
141	183.12490942656904547
142	184.75173346373264777
143	186.37633025486273924
144	187.99912960092657065
145	189.62059076604383272
146	191.24120015513085358
147	192.86146883455907363
148	194.48192990811305808
149	196.10313576132374427
150	197.72565518797696549
151	199.35007041325177698
152	200.97697402852431465
153	202.60696585337779692
154	204.24064974078517234
155	205.87863034177555648
156	207.52150984615713894
157	209.16988471604624117
158	210.82434242904366274
159	212.48545824790479476
160	214.15379203346906616
161	215.82988511744742132
162	217.51425725141443966
163	219.20740364801556641
164	220.90979212998132042
165	222.62186040204129102
166	224.34401346025365043
167	226.07662115261360746
168	227.82001590407991
169	229.574490618365734
170	231.34029676798298889
171	233.11764268311146748
172	234.90669204889092453
173	236.70756261970991994
174	238.52032515799520826
175	240.34500260389493278
176	242.18156948110343212
177	244.02995154290081765
178	245.89002566128250975
179	247.76161996083863162
180	249.64451419781664819
181	251.53844038356906228
182	253.44308365035753199
183	255.35808335626164359
184	257.28303442473092487
185	259.21748891312861468
186	261.1609578034512251
187	263.11291300727492869
188	265.07278957588401117
189	267.03998810548360284
190	269.01387732639398862
191	270.9937968641721052
192	272.97906015971221714
193	274.96895753454678367
194	276.96275938680444238
195	278.95971950258876884
196	280.95907846692259873
197	282.96006715786142845
198	284.96191030691856405
199	286.96383010856669031
200	288.96504986128739471
201	290.9647976224334954
202	292.96230985904994874
203	294.95683507676837559
204	296.94763740894813088
205	298.93400014838319086
206	300.9152292041283488
207	302.89065646631925583
208	304.85964306226724845
209	306.82158248759977035
210	308.77590359678820979
211	310.72207343805441206
212	312.65959991837187737
213	314.58803428507422438
214	316.50697341144803748
215	318.41606187461552674
216	320.31499381499999924
217	322.20351456770915511
218	324.08142205726259285
219	325.94856794822529799
220	327.80485854548273597
221	329.65025543909971646
222	331.48477588993851804
223	333.30849295346579742
224	335.12153534044638521
225	336.9240870144989444
226	338.71638652776734466
227	340.49872609723617653
228	342.27145042548280423
229	344.0349552709054887
230	345.78968577369124007
231	347.53613454498212405
232	349.27483952785883533
233	351.00638163987971457
234	352.73138220798647611
235	354.4505002076094069
236	356.16442931876962079
237	357.87389481287931328
238	359.57965028477836439
239	361.28247424531291311
240	362.98316659045484972
241	364.68254496357707913
242	366.38144102803481961
243	368.08069666765542968
244	369.78116013310602772
245	371.48368215238762852
246	373.18911202389524527
247	374.89829371058440746
248	376.61206195379528233
249	378.33123842520596003
250	380.05662793521682075
251	381.78901471580903577
252	383.52915879557339955
253	385.27779248417251182
254	387.03561698298192393
255	388.80329913805674142
256	390.58146835089225024
257	392.37071366169371107
258	394.17158101904522198
259	395.98457074897451647
260	397.81013523545410904
261	399.64867682336400516
262	401.50054595387222723
263	403.36603954107191121
264	405.24539959755317524
265	407.13881211539004329
266	409.04640620779329613
267	410.96825351542524973
268	412.90436788009828206
269	414.85470528729169389
270	416.81916407762751255
271	418.79758542615147627
272	420.78975408697702118
273	422.79539939957395026
274	424.81419655172585355
275	426.84576809294743488
276	428.88968569095072667
277	430.94547212258362972
278	433.01260348954100779
279	435.09051164807319511
280	437.17858684089449844
281	439.27618051853009243
282	441.38260833643832492
283	443.4971533134112669
284	445.6190691359934232
285	447.74758359297057661
286	449.88190212337110995
287	452.02121146089378856
288	454.16468335723144044
289	456.31147836640137593
290	458.46074967192245274
291	460.61164693849669068
292	462.76332016976110725
293	464.91492355367337279
294	467.065619277182916
295	469.21458129201674739
296	471.36099901367556649
297	473.50408093608929715
298	475.64305814482024214
299	477.77718771222432933
300	479.9057559585837932
301	482.02808156390505534
302	484.14351851583011202
303	486.25145887993461884
304	488.35133537957694563
305	490.44262377341530173
306	492.52484501971983926
307	494.59756721766838822
308	496.66040731692286881
309	498.71303258793293797
310	500.75516184659833863
311	502.78656642813583598
312	504.80707090623450969
313	506.81655355483837699
314	508.81494655116161891
315	510.80223591981279241
316	512.77846121917403494
317	514.74371497244312055
318	516.69814184699406481
319	518.64193758693963141
320	520.57534770498050555
321	522.49866594079513928
322	524.41223249435558136
323	526.31643204364240933
324	528.21169155727083785
325	530.09847791352508411
326	531.97729533822430279
327	533.84868267470632757
328	535.7132105000108652
329	537.57147810206780784
330	539.42411033334545078
331	541.27175435698448792
332	543.11507630193396478
333	544.95475784401255842
334	546.79149273014070497
335	548.62598326322471239
336	550.45893676532201522
337	552.29106203677652722
338	554.1230658289844415
339	555.95564934833407626
340	557.78950480865916554
341	559.6253120492544836
342	561.46373523512743485
343	563.30541965570122579
344	565.15098863764686172
345	567.00104058690527942
346	568.85614617427062246
347	570.71684567814454377
348	572.58364649724338754
349	574.45702084514939699
350	576.33740363764826497
351	578.22519058279322658
352	580.12073648258558585
353	582.02435375406840718
354	583.93631117649963462
355	585.85683287010885509
356	587.78609751075417883
357	589.72423778358827793
358	591.67134007762160152
359	593.62744442184233807
360	595.59254466232301667
361	597.56658887851892703
362	599.54948003574995955
363	601.54107686966112756
364	603.54119499728394926
365	605.54960824817692924
366	607.56605020801433128
367	609.59021596592383666
368	611.62176405585089074
369	613.66031858125567424
370	615.70547151153255378
371	617.75678513768614535
372	619.81379467400703125
373	621.87601099176764549
374	623.94292347030847619
375	626.01400295030975119
376	628.08870477354701697
377	630.16647189301293937
378	632.24673803695428382
379	634.32893091012399415
380	636.41247541538477424
381	638.49679687872334817
382	640.58132426074395544
383	642.66549333780551661
384	644.74874983614873187
385	646.83055250262616675
386	648.91037609599872411
387	650.98771428319396606
388	653.06208242543328791
389	655.13302023972331203
390	657.20009432186903057
391	659.26290051789877441
392	661.32106613159026459
393	663.37425195664871374
394	665.42215412300777975
395	667.46450574769742887
396	669.50107838174446859
397	671.53168324563644706
398	673.55617224698235221
399	675.5744387751384583
400	677.58641826872897478
