1	0.022765491776495006
2	0.0910248664775759
3	0.2046669658957867
4	0.36350700461849894
5	0.567287285121189
6	0.8156781942972025
7	1.1082794768497888
8	1.4446217797032592
9	1.8241684603496298
10	2.246317650840898
11	2.710404567970574
12	3.215704059067889
13	3.761433371758608
14	4.346755135033511
15	4.970780538013114
16	5.632572691912014
17	6.331150159889278
18	7.065490638728973
19	7.834534775631038
20	8.637190102807498
21	9.472335072077927
22	10.338823171244815
23	11.235487103698752
24	12.161143012467834
25	13.114594729776911
26	14.094638033122228
27	15.100064888905417
28	16.129667664790382
29	17.182243292164
30	18.256597360382234
31	19.351548124877933
32	20.465930411674794
33	21.59859940141765
34	22.74843427666361
35	23.914341716892817
36	25.09525922648819
37	26.290158281787896
38	27.498047284236804
39	28.71797430764624
40	29.949029628606493
41	31.190348030184
42	32.44111087016972
43	33.70054790630931
44	34.96793887215972
45	36.24261479843718
46	37.523959075981324
47	38.81140825772203
48	40.1044525983203
49	41.402636331417455
50	42.705557685716464
51	44.01286864237404
52	45.32427443742906
53	46.63953281422619
54	47.958453031978614
55	49.28089463778044
56	50.60676601050241
57	51.93602268608138
58	53.26866547472815
59	54.60473838156453
60	55.94432634309183
61	57.28755279275134
62	58.63457706959951
63	59.98559168483384
64	61.34081946151835
65	62.70051056342047
66	64.06493942932057
67	65.43440162955092
68	66.80921066180123
69	68.18969470346138
70	69.57619333786434
71	70.96905427185122
72	72.36863006201725
73	73.77527486684866
74	75.18934124174764
75	76.61117699361711
76	78.0411221112836
77	79.47950578756776
78	80.92664354823222
79	82.38283450243722
80	83.84835872859185
81	85.32347480875245
82	86.80841752385032
83	88.30339572114733
84	89.80859036437234
85	91.32415277595616
86	92.85020307977166
87	94.38682885166149
88	95.93408398393409
89	97.49198776883588
90	99.06052420485175
91	100.63964152847485
92	102.22925197289025
93	103.82923175381376
94	105.43942128150951
95	107.05962559682092
96	108.6896150278553
97	110.32912606281428
98	111.97786243329871
99	113.6354964013283
100	115.30167024224554
101	116.97599791463176
102	118.6580669073976
103	120.34744025327831
104	122.04365869709589
105	123.74624300634417
106	125.45469641090224
107	127.16850715803169
108	128.8871511681878
109	130.61009477667838
110	132.33679754573748
111	134.0667151312322
112	135.79930218795155
113	137.5340152971886
114	139.27031590027926
115	141.00767322167042
116	142.74556716520684
117	144.48349116742634
118	146.2209549919278
119	147.95748744914016
120	149.69263902626358
121	151.4259844125855
122	153.1571249059826
123	154.88569068696788
124	156.6113429474159
125	158.33377586182087
126	160.05271838977055
127	161.7679358992342
128	163.47923160116812
129	165.1864477869779
130	166.8894668613583
131	168.58821216416234
132	170.28264857603094
133	171.97278290365009
134	173.6586640416891
135	175.34038290961814
136	177.0180721628171
137	178.69190567856393
138	180.36209781869292
139	182.02890247187807
140	183.6926118796935
141	185.35355525170868
142	187.01209717604488
143	188.6686358328867
144	190.32360101948035
145	191.97745199620007
146	193.63067516418548
147	195.2837815860146
148	196.93730436164333
149	198.5917958727529
150	200.24782490925088
151	201.90597369241303
152	203.56683480968687
153	205.23100807669894
154	206.89909734244256
155	208.57170725393928
156	210.24943999696157
157	211.9328920295668
158	213.6226508252702
159	215.31929164271634
160	217.0233743386041
161	218.73544024048212
162	220.45600909573503
163	222.18557611279
164	223.9246091101377
165	225.67354578823762
166	227.43279113885347
167	229.20271500566028
168	230.9836498092705
169	232.77588844902388
170	234.57968239303358
171	236.39523996705665
172	238.22272485177845
173	240.0622547971124
174	241.91390056098126
175	243.77768507900575
176	245.65358287032285
177	247.5415196836321
178	249.44137238632243
179	251.35296909834838
180	253.27608957130158
181	255.21046581184467
182	257.15578294753
183	259.1116803316991
184	261.0777528830372
185	263.05355265411845
186	265.0385906221227
187	267.0323386937849
188	269.03423191552014
189	271.0436708786388
190	273.0600243085431
191	275.0826318258428
192	277.1108068664595
193	279.14383974692703
194	281.18100086035145
195	283.2215439877827
196	285.2647097091684
197	287.3097288974626
198	289.3558262790488
199	291.4022240432445
200	293.44814548335205
201	295.49281865151676
202	297.53548000954834
203	299.57537805782147
204	301.61177692440907
205	303.64395989679895
206	305.6712328787012
207	307.69292775489646
208	309.7084056472968
209	311.7170600461235
210	313.71831980039934
211	315.71165195288523
212	317.69656440505906
213	319.6726083987313
214	321.6393808016479
215	323.59652618535455
216	325.54373868468343
217	327.48076362911274
218	329.4073989375149
219	331.32349626877635
220	333.2289619220838
221	335.1237574817736
222	337.0079002029533
223	338.88146313530973
224	340.7445749838003
225	342.5974197062144
226	344.4402358488366
227	346.27331562276646
228	348.0970037246719
229	349.91169590701566
230	351.71783730401904
231	353.51592052083976
232	355.3064834945437
233	357.09010713664685
234	358.86741276802593
235	360.6390593580178
236	362.405740580525
237	364.1681817008176
238	365.9271363075594
239	367.68338290540567
240	369.43772138410367
241	371.19096938077826
242	372.94395855250855
243	374.697530776821
244	376.4525342980573
245	378.2098198378634
246	379.9702366882611
247	381.73462880579274
248	383.50383092537686
249	385.27866471222666
250	387.05993497026475
251	388.84842592496017
252	390.6448975983703
253	392.45008229359564
254	394.2646812054284
255	396.08936117330546
256	397.9247515920865
257	399.77144149531114
258	401.6299768248714
259	403.5008579000783
260	405.384537098161
261	407.28141675723316
262	409.1918473116639
263	411.11612566872685
264	413.0544938341639
265	415.00713779317863
266	416.97418665208096
267	418.9557120446066
268	420.9517278056207
269	422.9621899136195
270	424.9869967022256
271	427.0259893394556
272	429.07895257236714
273	431.14561573334606
274	433.22565400307667
275	435.318689923931
276	437.42429515646654
277	439.54199247034757
278	441.6712579600533
279	443.8115234746026
280	445.96217924943835
281	448.122576727802
282	450.2920315578382
283	452.46982675099304
284	454.6552159864461
285	456.84742704559216
286	459.0456653600373
287	461.24911765603457
288	463.45695567780643
289	465.6683399718766
290	467.8824237142362
291	470.09835656204086
292	472.3152885113479
293	474.53237374251984
294	476.74877443487685
295	478.96366453249055
296	481.17623344318383
297	483.3856896531831
298	485.59126424031933
299	487.7922142691887
300	489.98782605229377
301	492.1774182618285
302	494.36034487760315
303	496.5359979573334
304	498.7038102164863
305	500.8632574058058
306	503.01386047562846
307	505.1551875171681
308	507.28685547209176
309	509.40853160283154
310	511.51993471724916
311	513.6208361424901
312	515.7110604441473
313	517.7904858880445
314	519.8590446432494
315	521.9167227261981
316	523.96355968708
317	525.9996480408583
318	528.0251324466635
319	530.0402086403287
320	532.0451221262485
321	534.0401666357857
322	536.0256823605447
323	538.0020539701302
324	539.9697084247547
325	541.9291125942649
326	543.8807706960253
327	545.8252215648865
328	547.7630357693845
329	549.6948125889063
330	551.6211768673573
331	553.5427757592954
332	555.4602753850568
333	557.3743574118128
334	559.2857155778279
335	561.195052177309
336	563.1030745235968
337	565.0104914082896
338	566.918009574023
339	568.8263302183838
340	570.7361455463854
341	572.648135388474
342	574.5629639007799
343	576.4812763638373
344	578.4036960953822
345	580.3308214924126
346	582.2632232167387
347	584.2014415377599
348	586.1459838451672
349	588.0973223434843
350	590.0558919394255
351	592.022088331924
352	593.9962663138509
353	595.978738293101
354	597.9697730397342
355	599.9695946647818
356	601.9783818348584
357	603.9962672258519
358	606.0233372174915
359	608.0596318294522
360	610.1051448984547
361	612.1598244946055
362	614.2235735738163
363	616.2962508623245
364	618.3776719677171
365	620.4676107100775
366	622.5658006655894
367	624.6719369138589
368	626.7856779792776
369	628.9066479557456
370	631.0344388030448
371	633.1686128025575
372	635.3087051589305
373	637.4542267337526
374	639.6046668966611
375	641.759496478615
376	643.9181708116308
377	646.0801328389132
378	648.244816278914
379	650.4116488265482
380	652.5800553748242
381	654.749461239843
382	656.919295372288
383	659.0889935386057
384	661.2580014550531
385	663.4257778585101
386	665.5917974977084
387	667.7555540295537
388	669.9165628051888
389	672.074363531534
390	674.2285227942835
391	676.3786364293106
392	678.524331730229
393	680.6652694805599
394	682.8011457999996
395	684.9316937953367
396	687.0566850073319
397	689.175930646169
398	691.2892826091357
399	693.3966342752395
400	695.4979210727201
401	697.5931208166055
402	699.6822538145125
403	701.7653827403617
404	703.8426122765294
405	705.9140885265844
406	707.9799982015164
407	710.0405675838892
408	712.0960612752896
409	714.1467807336752
410	716.1930626082922
411	718.2352768808511
412	720.2738248227656
413	722.3091367789981
414	724.3416697902751
415	726.3719050660046
416	728.4003453211402
417	730.4275119909122
418	732.4539423380663
419	734.4801864676579
420	736.5068042651354
421	738.5343622736591
422	740.5634305271554
423	742.5945793556075
424	744.6283761794548
425	746.6653823098927
426	748.7061497719625
427	750.7512181671625
428	752.8011115921282
429	754.856335629699
430	756.9173744282961
431	758.9846878850896
432	761.0587089480293
433	763.1398410510263
434	765.2284556961074
435	767.3248901955104
436	769.4294455858715
437	771.5423847259102
438	773.663930587945
439	775.7942647526686
440	777.9335261156444
441	780.0818098127138
442	782.239166370614
443	784.4056010879082
444	786.5810736499267
445	788.7654979806632
446	790.9587423329104
447	793.1606296170197
448	795.3709379672897
449	797.5894015437995
450	799.8157115663626
451	802.0495175759626
452	804.2904289179836
453	806.5380164403023
454	808.7918143982906
455	811.0513225575922
456	813.3160084846645
457	815.5853100138975
458	817.8586378794278
459	820.1353784986832
460	822.4148968940325
461	824.6965397381754
462	826.9796385081237
463	829.2635127322325
464	831.5474733140262
465	833.8308259163286
466	836.1128743886702
467	838.3929242208812
468	840.6702860054568
469	842.9442788912334
470	845.2142340109607
471	847.4794978654153
472	849.7394356468199
473	851.9934344847212
474	854.2409065976728
475	856.4812923347
476	858.7140630907719
477	860.9387240813728
478	863.154816961736
479	865.361922277205
480	867.5596617317374
481	869.747700262899
482	871.9257479120415
483	874.0935614799439
484	876.2509459587675
485	878.3977557326008
486	880.5338955398078
487	882.6593211916334
488	884.774040042759
489	886.8781112106423
490	888.9716455417386
491	891.0548053240684
492	893.1278037466312
493	895.1909041076343
494	897.2444187746804
495	899.2887079011791
496	901.3241779047369
497	903.3512797141458
498	905.3705067929883
499	907.3823929489328
500	909.3875099388093
501	911.3864648806616
502	913.3798974849384
503	915.3684771178081
504	917.352899710679
505	919.3338845304095
506	921.3121708258445
507	923.2885143665635
508	925.2636838906152
509	927.2384574782034
510	929.2136188689345
511	931.189953740396
512	933.1682459660761
513	935.149273870836
514	937.1338065021704
515	939.1225999353546
516	941.116393630563
517	943.115906859816
518	945.121835221188
519	947.13484725742
520	949.1555811955807
521	951.1846418238013
522	953.2225975205737
523	955.269977451194
524	957.327268945403
525	959.3949150691611
526	961.4733124027309
527	963.5628090361414
528	965.6637027922362
529	967.7762396861369
530	969.9006126291476
531	972.0369603836116
532	974.185366774349
533	976.3458601607513
534	978.518413172611
535	980.7029427112817
536	982.89931021665
537	985.1073221989551
538	987.3267310333304
539	989.5572360135673
540	991.7984846604699
541	994.0500742787215
542	996.3115537552287
543	998.5824255905209
544	1000.8621481537452
545	1003.1501381507494
546	1005.4457732935658
547	1007.7483951587724
548	1010.0573122211821
549	1012.3718030485592
550	1014.691119642108
551	1017.0144909069822
552	1019.341126236234
553	1021.6702191912132
554	1024.000951260801
555	1026.332495681657
556	1028.6640213012195
557	1030.9946964650057
558	1033.323692909737
559	1035.6501896436205
560	1037.9733767953498
561	1040.2924594133995
562	1042.606661197507
563	1044.9152281445126
564	1047.2174320912136
565	1049.5125741372678
566	1051.7999879319336
567	1054.0790428088649
568	1056.3491467542192
569	1058.6097491937496
570	1060.8603435858795
571	1063.1004698083093
572	1065.3297163269046
573	1067.547722136688
574	1069.75417846575
575	1071.9488302340562
576	1074.1314772604915
577	1076.3019752123816
578	1078.4602362933447
579	1080.6062296662512
580	1082.7399816095615
581	1084.8615754065986
582	1086.9711509684369
583	1089.068904192507
584	1091.1550860603913
585	1093.230001479101
586	1095.2940078720399
587	1097.3475135263798
588	1099.390975705162
589	1101.4248985335355
590	1103.4498306692765
591	1105.4663627692998
592	1107.4751247643596
593	1109.4767829552704
594	1111.4720369448476
595	1113.4616164204706
596	1115.4462778027607
597	1117.4268007767353
598	1119.4039847221677
599	1121.3786450603156
600	1123.3516095346413
601	1125.3237144434804
602	1127.2958008425821
603	1129.26871073583
604	1131.2432832722782
605	1133.220350967646
606	1135.2007359682593
607	1137.1852463751272
608	1139.1746726455574
609	1141.1697840893085
610	1143.1713254756514
611	1145.1800137673936
612	1147.1965349968445
613	1149.2215412985054
614	1151.2556481119066
615	1153.2994315676465
616	1155.3534260683034
617	1157.4181220753005
618	1159.4939641115386
619	1161.581348988496
620	1163.680624265648
621	1165.7920869484146
622	1167.915982430263
623	1170.0525036827705
624	1172.2017906967062
625	1174.363930175624
626	1176.5389554823864
627	1178.7268468377515
628	1180.927531768812
629	1183.1408858040302
630	1185.3667334102836
631	1187.6048491661425
632	1189.8549591645285
633	1192.116742636757
634	1194.3898337888102
635	1196.6738238398864
636	1198.968263251994
637	1201.2726641387308
638	1203.5865028403994
639	1205.9092226517107
640	1208.24023668804
641	1210.5789308749074
642	1212.9246670454868
643	1215.276786129855
644	1217.6346114198186
645	1219.9974518923432
646	1222.3646055748573
647	1224.7353629350553
648	1227.1090102783544
649	1229.4848331355565
650	1231.8621196238416
651	1234.24016376429
652	1236.6182687392568
653	1238.9957500735823
654	1241.3719387237447
655	1243.746184059943
656	1246.117856726308
657	1248.486351365552
658	1250.8510891945975
659	1253.2115204192182
660	1255.5671264757423
661	1257.9174220896887
662	1260.2619571414814
663	1262.600318330827
664	1264.9321306322342
665	1267.2570585352873
666	1269.5748070645946
667	1271.8851225750539
668	1274.1877933198894
669	1276.4826497894458
670	1278.7695648205213
671	1281.0484534766997
672	1283.3192727017956
673	1285.5820207492948
674	1287.8367363922466
675	1290.083497918758
676	1292.3224219198119
677	1294.5536618767908
678	1296.7774065574656
679	1298.9938782299434
680	1301.2033307051956
681	1303.4060472193937
682	1305.602338168681
683	1307.7925387087992
684	1309.977006233914
685	1312.1561177483109
686	1314.330267146296
687	1316.499862415365
688	1318.6653227783245
689	1320.8270757904827
690	1322.9855544080235
691	1325.1411940439832
692	1327.2944296281535
693	1329.4456926873138
694	1331.5954084620585
695	1333.7439930761677
696	1335.8918507743954
697	1338.039371243814
698	1340.1869270339907
699	1342.3348710899356
700	1344.4835344120427
701	1346.6332238557359
702	1348.7842200835164
703	1350.9367756806362
704	1353.0911134453263
705	1355.2474248631786
706	1357.4058687744507
707	1359.5665702420945
708	1361.7296196270954
709	1363.8950718767367
710	1366.0629460301898
711	1368.2332249447
712	1370.4058552444849
713	1372.5807474931798
714	1374.7577765896233
715	1376.93678238545
716	1379.117570521775
717	1381.2999134812246
718	1383.483551850075
719	1385.6681957846959
720	1387.8535266746044
721	1390.0391989942314
722	1392.2248423337182
723	1394.4100635985162
724	1396.594449366626
725	1398.7775683910675
726	1400.958974234957
727	1403.138208025109
728	1405.3148013101375
729	1407.4882790077581
730	1409.658162425942
731	1411.8239723419106
732	1413.9852321225467
733	1416.141470869667
734	1418.2922265732846
735	1420.4370492558612
736	1422.5755040906552
737	1424.7071744771015
738	1426.831665056548
739	1428.948604651743
740	1431.0576491137517
741	1433.1584840606652
742	1435.250827492454
743	1437.3344322674266
744	1439.40908842589
745	1441.4746253478063
746	1443.5309137315176
747	1445.577867381909
748	1447.6154447970057
749	1449.6436505431125
750	1451.6625364095023
751	1453.6722023349198
752	1455.6727970990441
753	1457.6645187734941
754	1459.647614927797
755	1461.6223825873071
756	1463.5891679409774
757	1465.5483657984557
758	1467.5004187968702
759	1469.4458163592044
760	1471.3850934073268
761	1473.3188288338793
762	1475.247643738632
763	1477.1721994359555
764	1479.093195241255
765	1481.011366045487
766	1482.9274796876875
767	1484.8423341368998
768	1486.756754495294
769	1488.6715898359598
770	1490.5877098889734
771	1492.5060015907063
772	1494.4273655118175
773	1496.3527121800716
774	1498.2829583147425
775	1500.2190229899052
776	1502.1618237442422
777	1504.1122726554474
778	1506.07127239741
779	1508.0397122987617
780	1510.0184644211581
781	1512.0083796758709
782	1514.010283997034
783	1516.0249745898082
784	1518.0532162713182
785	1520.0957379218637
786	1522.1532290636274
787	1524.2263365831766
788	1526.3156616139593
789	1528.4217565937915
790	1530.5451225117665
791	1532.6862063583767
792	1534.845398791243
793	1537.0230320283665
794	1539.2193779793733
795	1541.4346466245092
796	1543.6689846495285
797	1545.922474344073
798	1548.195132769222
799	1550.4869111992016
800	1552.7976948406813
801	1555.1273028318715
802	1557.4754885223342
803	1559.8419400330456
804	1562.2262810950594
805	1564.6280721637936
806	1567.0468118043923
807	1569.481938342884
808	1571.932831776111
809	1574.3988159324372
810	1576.8791608739214
811	1579.3730855298497
812	1581.8797605498444
813	1584.3983113643517
814	1586.9278214389194
815	1589.4673357078955
816	1592.0158641725388
817	1594.5723856472148
818	1597.1358516375158
819	1599.7051903325055
820	1602.279310693741
821	1604.8571066225402
822	1607.4374611869744
823	1610.019250889787
824	1612.6013499581275
825	1615.182634635831
826	1617.761987459402
827	1620.3383014983779
828	1622.9104845413335
829	1625.47746320897
830	1628.038186975955
831	1630.5916320839149
832	1633.136805328116
833	1635.6727477014338
834	1638.1985378794911
835	1640.713295532004
836	1643.2161844458062
837	1645.706415446324
838	1648.183249104943
839	1650.6459982209396
840	1653.0940300676268
841	1655.5267683934667
842	1657.9436951702226
843	1660.3443520812928
844	1662.7283417446247
845	1665.0953286659528
846	1667.4450399192874
847	1669.7772655529936
848	1672.0918587208635
849	1674.388735539312
850	1676.667874672559
851	1678.9293166494542
852	1681.1731629165006
853	1683.3995746331157
854	1685.608771216144
855	1687.8010286419596
856	1689.9766775156259
857	1692.1361009174643
858	1694.2797320386753
859	1696.408051618375
860	1698.5215851953574
861	1700.620900188984
862	1702.7066028238255
863	1704.779334913949
864	1706.8397705229258
865	1708.888612516291
866	1710.926589023799
867	1712.9544498288203
868	1714.9729627027443
869	1716.9829097024674
870	1718.985083448875
871	1720.9802834045024
872	1722.9693121682867
873	1724.9529718052459
874	1726.932060228607
875	1728.9073676515438
876	1730.8796731252996
877	1732.8497411799358
878	1734.8183185832627
879	1736.786131233054
880	1738.7538811965985
881	1740.7222439111322
882	1742.6918655576196
883	1744.6633606194916
884	1746.637309636936
885	1748.6142571663281
886	1750.5947099532727
887	1752.5791353266127
888	1754.5679598196089
889	1756.561568023289
890	1758.5603016758687
891	1760.5644589906512
892	1762.574294224061
893	1764.5900174835517
894	1766.611794774724
895	1768.6397482849752
896	1770.673956900429
897	1772.714456951209
898	1774.761243179413
899	1776.8142699227228
900	1778.8734525055356
901	1780.938668828639
902	1783.0097611472872
903	1785.086538026638
904	1787.1687764627752
905	1789.2562241564976
906	1791.3486019264826
907	1793.4456062477602
908	1795.546911900709
909	1797.6521747154404
910	1799.7610343958324
911	1801.8731174071656
912	1803.9880399112087
913	1806.1054107321056
914	1808.224834336523
915	1810.3459138115488
916	1812.4682538236216
917	1814.591463542261
918	1816.7151595124076
919	1818.8389684594963
920	1820.9625300119412
921	1823.0854993260104
922	1825.2075495987294
923	1827.3283744552034
924	1829.4476901971086
925	1831.5652379002386
926	1833.6807853496332
927	1835.794128801847
928	1837.9050945645668
929	1840.0135403851818
930	1842.1193566407023
931	1844.2224673225205
932	1846.3228308106882
933	1848.4204404334762
934	1850.5153248091747
935	1852.6075479682804
936	1854.6972092552178
937	1856.784443010368
938	1858.8694180337147
939	1860.9523368333519
940	1863.033434662502
941	1865.1129783504427
942	1867.1912649335006
943	1869.2686200934272
944	1871.345396411674
945	1873.421971448767
946	1875.4987456592557
947	1877.5761401533885
948	1879.6545943176493
949	1881.734563306878
950	1883.8165154216142
951	1885.9009293848926
952	1887.9882915330463
953	1890.0790929360287
954	1892.1738264626324
955	1894.2729838067794
956	1896.3770524910142
957	1898.486512863548
958	1900.6018351054202
959	1902.7234762640835
960	1904.8518773299006
961	1906.9874603715987
962	1909.130625746701
963	1911.2817494023236
964	1913.4411802817383
965	1915.6092378509413
966	1917.7862097596585
967	1919.9723496498598
968	1922.1678751245263
969	1924.3729658886316
970	1926.5877620730448
971	1928.812362751787
972	1931.0468246613782
973	1933.2911611306492
974	1935.545341227774
975	1937.809289130725
976	1940.082883725548
977	1942.3659584364723
978	1944.6583012899423
979	1946.9596552140215
980	1949.2697185730376
981	1951.5881459363914
982	1953.9145490790006
983	1956.2484982099074
984	1958.5895234241784
985	1960.9371163720384
986	1963.2907321385173
987	1965.6497913248998
988	1968.0136823231862
989	1970.3817637729696
990	1972.7533671897054
991	1975.1277997520285
992	1977.5043472352572
993	1979.8822770771399
994	1982.260841561383
995	1984.639281103801
996	1987.0168276251259
997	1989.3927079945322
998	1991.766147526822
999	1994.1363735164732
1000	1996.5026187912297
1001	1998.8641252676946
1002	2001.2201474914775
1003	2003.5699561442866
1004	2005.9128415006774
1005	2008.2481168170104
1006	2010.5751216358306
1007	2012.893224988906
1008	2015.201828482806
1009	2017.5003692513433
1010	2019.7883227598172
1011	2022.065205446636
1012	2024.3305771887124
1013	2026.5840435778182
1014	2028.8252579959606
1015	2031.0539234786952
1016	2033.2697943565865
1017	2035.4726776656896
1018	2037.6624343193207
1019	2039.8389800344275
1020	2042.0022860070442
1021	2044.152379332484
1022	2046.2893431672653
1023	2048.4133166309766
1024	2050.5244944473498
1025	2052.62312632557
1026	2054.709516083465
1027	2056.784020516022
1028	2058.847048013643
1029	2060.899056935916
1030	2062.9405537477305
1031	2064.9720909257994
1032	2066.9942646449886
1033	2069.0077122545217
1034	2071.013109555548
1035	2073.0111678923345
1036	2075.002631070459
1037	2076.988272115944
1038	2078.9688898903714
1039	2080.9453055777067
1040	2082.9183590588145
1041	2084.888905191017
1042	2086.8578100095747
1043	2088.8259468691103
1044	2090.7941925431205
1045	2092.7634232996656
1046	2094.7345109718926
1047	2096.7083190418207
1048	2098.6856987558886
1049	2100.6674852906385
1050	2102.654493986598
1051	2104.647516668319
1052	2106.6473180678736
1053	2108.6546323689563
1054	2110.670159887695
1055	2112.694563906386
1056	2114.72846767467
1057	2116.7724515929576
1058	2118.8270505910227
1059	2120.8927517145153
1060	2122.969991930869
1061	2125.0591561649485
1062	2127.16057557374
1063	2129.27452606856
1064	2131.4012270914454
1065	2133.5408406518177
1066	2135.6934706278735
1067	2137.859162335944
1068	2140.037902370061
1069	2142.229618712086
1070	2144.434181112227
1071	2146.6514017378036
1072	2148.8810360871316
1073	2151.122784164338
1074	2153.3762919090273
1075	2155.641152874308
1076	2157.916910144821
1077	2160.2030584856916
1078	2162.499046711983
1079	2164.8042802672076
1080	2167.1181239988487
1081	2169.4399051169808
1082	2171.7689163224427
1083	2174.1044190890316
1084	2176.44564708438
1085	2178.7918097127836
1086	2181.1420957634464
1087	2183.495677146288
1088	2185.8517126976903
1089	2188.2093520380827
1090	2190.567739462765
1091	2192.926017847485
1092	2195.283332550441
1093	2197.638835291732
1094	2199.991687992286
1095	2202.341066553694
1096	2204.6861645613676
1097	2207.0261968934506
1098	2209.3604032181856
1099	2211.688051363963
1100	2214.008440545494
1101	2216.3209044316336
1102	2218.62481404013
1103	2220.919580446269
1104	2223.2046572925888
1105	2225.4795430883555
1106	2227.7437832882324
1107	2229.996972140798
1108	2232.238754298734
1109	2234.4688261834985
1110	2236.686937098626
1111	2238.892890087201
1112	2241.086542529959
1113	2243.2678064819224
1114	2245.4366487468556
1115	2247.5930906899184
1116	2249.7372077903096
1117	2251.8691289367584
1118	2253.9890354704025
1119	2256.097159980156
1120	2258.1937848576385
1121	2260.2792406190933
1122	2262.3539040037103
1123	2264.418195857951
1124	2266.4725788172436
1125	2268.5175547970102
1126	2270.553662305802
1127	2272.581473594635
1128	2274.601591656816
1129	2276.614647093621
1130	2278.6212948616935
1131	2280.62221091865
1132	2282.6180887836504
1133	2284.6096360302995
1134	2286.597570729385
1135	2288.58261785928
1136	2290.565505701688
1137	2292.546962240954
1138	2294.5277115843674
1139	2296.508470421534
1140	2298.489944539985
1141	2300.4728254141946
1142	2302.4577868848733
1143	2304.445481944516
1144	2306.4365396449543
1145	2308.431562142007
1146	2310.4311218912453
1147	2312.4357590085747
1148	2314.4459788082213
1149	2316.462249529575
1150	2318.4850002640137
1151	2320.514619091007
1152	2322.5514514323863
1153	2324.5957986320673
1154	2326.6479167678367
1155	2328.7080156999837
1156	2330.7762583611348
1157	2332.8527602897148
1158	2334.937589408721
1159	2337.0307660499393
1160	2339.132263222729
1161	2341.2420071250976
1162	2343.3598778935275
1163	2345.4857105872647
1164	2347.619296400735
1165	2349.7603840976485
1166	2351.9086816584468
1167	2354.063858131948
1168	2356.2255456812377
1169	2358.3933418125575
1170	2360.5668117752143
1171	2362.7454911196696
1172	2364.9288884002513
1173	2367.116488008003
1174	2369.307753118751
1175	2371.502128741041
1176	2373.6990448476317
1177	2375.8979195744587
1178	2378.0981624701453
1179	2380.2991777791403
1180	2382.5003677415757
1181	2384.7011358926106
1182	2386.9008903439662
1183	2389.0990470311554
1184	2391.2950329091195
1185	2393.488289080178
1186	2395.6782738380452
1187	2397.8644656121005
1188	2400.046365797259
1189	2402.223501454402
1190	2404.395427868041
1191	2406.5617309477384
1192	2408.7220294614253
1193	2410.875977088956
1194	2413.023264285713
1195	2415.1636199467516
1196	2417.296812862932
1197	2419.422652962142
1198	2421.5409923290263
1199	2423.651725998365
1200	2425.7547925181825
1201	2427.850174280043
1202	2429.937897614792
1203	2432.0180326537775
1204	2434.0906929562852
1205	2436.156034905465
1206	2438.2142568760246
1207	2440.265598178283
1208	2442.310337784152
1209	2444.348792842042
1210	2446.3813169882983
1211	2448.408298464419
1212	2450.4301580496444
1213	2452.4473468202027
1214	2454.4603437465075
1215	2456.469653141502
1216	2458.4758019728565
1217	2460.4793370537086
1218	2462.480822126293
1219	2464.4808348537194
1220	2466.479963735914
1221	2468.4788049654335
1222	2470.4779592399864
1223	2472.478028548019
1224	2474.4796129443052
1225	2476.483307332421
1226	2478.4896982708
1227	2480.4993608192694
1228	2482.5128554423027
1229	2484.5307249855837
1230	2486.553491741212
1231	2488.5816546175206
1232	2490.61568642793
1233	2492.6560313133004
1234	2494.7031023112786
1235	2496.757279085479
1236	2498.818905826696
1237	2500.88828933687
1238	2502.965697306407
1239	2505.0513567938883
1240	2507.1454529162884
1241	2509.248127756973
1242	2511.359479497223
1243	2513.4795617764744
1244	2515.608383284422
1245	2517.745907588023
1246	2519.892053194282
1247	2522.046693848937
1248	2524.209659070074
1249	2526.3807349141152
1250	2528.5596649706413
1251	2530.746151581364
1252	2532.9398572773584
1253	2535.1404064273734
1254	2537.3473870893754
1255	2539.560353055813
1256	2541.778826082627
1257	2544.00229829082
1258	2546.2302347286286
1259	2548.462076081056
1260	2550.6972415136966
1261	2552.9351316357597
1262	2555.1751315680576
1263	2557.416614099691
1264	2559.658942917804
1265	2561.9014758938574
1266	2564.14356840958
1267	2566.384576705694
1268	2568.623861236151
1269	2570.8607900108173
1270	2573.0947419092277
1271	2575.3251099485196
1272	2577.5513044885925
1273	2579.772756357906
1274	2581.988919883717
1275	2584.199275810927
1276	2586.4033340945534
1277	2588.600636550743
1278	2590.790759352988
1279	2592.9733153598613
1280	2595.1479562621844
1281	2597.314374538125
1282	2599.472305205727
1283	2601.6215273632242
1284	2603.7618655089564
1285	2605.893190633223
1286	2608.0154210760693
1287	2610.1285231458755
1288	2612.232511494838
1289	2614.327449248791
1290	2616.4134478898345
1291	2618.4906668919193
1292	2620.559313109804
1293	2622.6196399245323
1294	2624.67194614838
1295	2626.716574694216
1296	2628.7539110153107
1297	2630.7843813226673
1298	2632.808450588014
1299	2634.8266203420626
1300	2636.8394262781703
1301	2638.847435673005
1302	2640.8512446365107
1303	2642.85147520422
1304	2644.8487722861864
1305	2646.843800487322
1306	2648.8372408144305
1307	2650.829787286098
1308	2652.822143462189
1309	2654.8150189096586
1310	2656.8091256224125
1311	2658.805174412655
1312	2660.803871291634
1313	2662.8059138577146
1314	2664.8119877098366
1315	2666.822762904009
1316	2668.838890470623
1317	2670.860999010154
1318	2672.8896913841786
1319	2674.925541518298
1320	2676.969091333281
1321	2679.020847819903
1322	2681.081280272266
1323	2683.150817693809
1324	2685.229846389303
1325	2687.3187077550688
1326	2689.4176962792744
1327	2691.527057762241
1328	2693.6469877666564
1329	2695.7776303055825
1330	2697.919076775644
1331	2700.071365141293
1332	2702.2344793747143
1333	2704.408349155167
1334	2706.5928498297208
1335	2708.7878026364083
1336	2710.9929751895343
1337	2713.208082225515
1338	2715.4327866061667
1339	2717.6667005757113
1340	2719.9093872655912
1341	2722.1603624408613
1342	2724.4190964802415
1343	2726.685016580869
1344	2728.9575091776346
1345	2731.2359225661257
1346	2733.519569716981
1347	2735.8077312684786
1348	2738.099658683566
1349	2740.3945775565544
1350	2742.6916910537534
1351	2744.990183472064
1352	2747.2892238986774
1353	2749.587969954469
1354	2751.8855716036496
1355	2754.1811750112706
1356	2756.4739264303325
1357	2758.7629761004214
1358	2761.047482138574
1359	2763.3266144046247
1360	2765.5995583218996
1361	2767.8655186355777
1362	2770.1237230903835
1363	2772.3734260102474
1364	2774.613911762741
1365	2776.8444980916797
1366	2779.06453930202
1367	2781.273429281641
1368	2783.47060434589
1369	2785.655545890721
1370	2787.8277828422106
1371	2789.9868938904065
1372	2792.132509496942
1373	2794.264313666701
1374	2796.3820454751108
1375	2798.4855003437065
1376	2800.5745310578272
1377	2802.6490485215777
1378	2804.709022246545
1379	2806.754480571728
1380	2808.785510613759
1381	2810.8022579477038
1382	2812.804926019863
1383	2814.793775295494
1384	2816.7691221454347
1385	2818.731337477067
1386	2820.6808451163256
1387	2822.6181199479347
1388	2824.543685823663
1389	2826.458113247857
1390	2828.3620168516136
1391	2830.256052667897
1392	2832.1409152201063
1393	2834.017334438546
1394	2835.886072419138
1395	2837.7479200400035
1396	2839.6036934520826
1397	2841.4542304602446
1398	2843.300386812543
1399	2845.143032414715
1400	2846.9830474884006
1401	2848.8213186909534
1402	2850.6587352151846
1403	2852.4961848878916
1404	2854.3345502850157
1405	2856.174704882168
1406	2858.0175092582836
1407	2859.8638073705306
1408	2861.714422917571
1409	2863.5701558084156
1410	2865.4317787530904
1411	2867.300033991039
1412	2869.1756301721853
1413	2871.059239405317
1414	2872.951494486757
1415	2874.8529863224926
1416	2876.7642615548507
1417	2878.685820404597
1418	2880.6181147379843
1419	2882.5615463669264
1420	2884.5164655899075
1421	2886.483169979204
1422	2888.461903419854
1423	2890.4528554033295
1424	2892.4561605789545
1425	2894.471898563449
1426	2896.5000940091136
1427	2898.540716928692
1428	2900.593683274417
1429	2902.6588557676223
1430	2904.7360449731236
1431	2906.8250106127493
1432	2908.9254631101057
1433	2911.037065358091
1434	2913.159434699832
1435	2915.29214511173
1436	2917.43472957771
1437	2919.586682641719
1438	2921.747463125129
1439	2923.9164969951444
1440	2926.0931803692215
1441	2928.2768826400493
1442	2930.4669497052146
1443	2932.6627072849615
1444	2934.863464311421
1445	2937.068516371946
1446	2939.2771491894096
1447	2941.488642121934
1448	2943.7022716647275
1449	2945.917314936232
1450	2948.133053131782
1451	2950.3487749274404
1452	2952.5637798172706
1453	2954.7773813677563
1454	2956.9889103736878
1455	2959.197717899802
1456	2961.4031781939943
1457	2963.6046914577305
1458	2965.801686460662
1459	2967.9936229872264
1460	2970.1799941033883
1461	2972.3603282334884
1462	2974.5341910373113
1463	2976.701187079331
1464	2978.86096128234
1465	2981.013200159704
1466	2983.1576328208544
1467	2985.2940317462308
1468	2987.4222133290673
1469	2989.54203818257
1470	2991.6534112118625
1471	2993.75628145227
1472	2995.8506416755326
1473	2997.936527767557
1474	3000.014017882149
1475	3002.0832313765195
1476	3004.144327534945
1477	3006.1975040890698
1478	3008.2429955429993
1479	3010.281071313681
1480	3012.3120336969387
1481	3014.3362156711464
1482	3016.353978550753
1483	3018.3657095032245
1484	3020.371818942968
1485	3022.3727378171166
1486	3024.368914798031
1487	3026.3608133980224
1488	3028.3489090223356
1489	3030.3336859764686
1490	3032.3156344441586
1491	3034.2952474527197
1492	3036.27301784204
1493	3038.2494352539647
1494	3040.224983158172
1495	3042.2001359308356
1496	3044.1753560019697
1497	3046.151091086567
1498	3048.1277715148685
1499	3050.105807675958
1500	3052.0855875886373
1501	3054.0674746124855
1502	3056.0518053117876
1503	3058.0388874834857
1504	3060.02899836015
1505	3062.022382997466
1506	3064.0192528550883
1507	3066.0197845784187
1508	3068.024118988111
1509	3070.0323602826516
1510	3072.0445754586285
1511	3074.0607939514957
1512	3076.0810074993997
1513	3078.105170230467
1514	3080.133198973536
1515	3082.16497379052
1516	3084.2003387280924
1517	3086.23910278432
1518	3088.281041085594
1519	3090.3258962675695
1520	3092.3733800527316
1521	3094.4231750166173
1522	3096.474936532919
1523	3098.528294887489
1524	3100.582857550038
1525	3102.638211591239
1526	3104.6939262325454
1527	3106.7495555150163
1528	3108.8046410730494
1529	3110.858714997985
1530	3112.911302776283
1531	3114.9619262865135
1532	3117.010106839012
1533	3119.0553682417262
1534	3121.0972398756066
1535	3123.1352597630325
1536	3125.168977612298
1537	3127.1979578216883
1538	3129.221782426689
1539	3131.2400539738155
1540	3133.252398305476
1541	3135.2584672401604
1542	3137.257941133039
1543	3139.2505313025094
1544	3141.2359823087286
1545	3143.214074071452
1546	3145.184623814401
1547	3147.1474878251397
1548	3149.1025630195677
1549	3151.049788301923
1550	3152.9891457112053
1551	3154.9206613470233
1552	3156.844406068287
1553	3158.760495959524
1554	3160.6690925609028
1555	3162.570402858957
1556	3164.4646790363495
1557	3166.3522179807023
1558	3168.2333605526055
1559	3170.1084906155043
1560	3171.978033830416
1561	3173.842456220014
1562	3175.7022625078316
1563	3177.5579942395075
1564	3179.4102276937388
1565	3181.2595715925295
1566	3183.1066646204863
1567	3184.9521727644124
1568	3186.796786485482
1569	3188.6412177367697
1570	3190.486196840218
1571	3192.3324692373944
1572	3194.180792129627
1573	3196.0319310233513
1574	3197.88665619689
1575	3199.7457391062826
1576	3201.6099487467072
1577	3203.4800479876603
1578	3205.356789899697
1579	3207.240914090278
1580	3209.133143067291
1581	3211.034178647856
1582	3212.9446984301844
1583	3214.865352346333
1584	3216.796759312701
1585	3218.739503995569
1586	3220.694133707613
1587	3222.6611554514056
1588	3224.64103312506
1589	3226.6341849042215
1590	3228.640980814196
1591	3230.6617405047928
1592	3232.696731239857
1593	3234.7461661120074
1594	3236.8102024928176
1595	3238.888940726393
1596	3240.982423074601
1597	3243.0906329196864
1598	3245.213494229712
1599	3247.3508712906123
1600	3249.5025687072907
1601	3251.668331675353
1602	3253.8478465232915
1603	3256.040741523878
1604	3258.2465879721876
1605	3260.464901526601
1606	3262.6951438072256
1607	3264.936724245956
1608	3267.1890021801087
1609	3269.4512891810978
1610	3271.722851608357
1611	3274.0029133772687
1612	3276.290658929234
1613	3278.585236390967
1614	3280.8857609086795
1615	3283.1913181430004
1616	3285.500967908318
1617	3287.8137479408097
1618	3290.128677777913
1619	3292.444762731873
1620	3294.760997939317
1621	3297.0763724685694
1622	3299.389873465988
1623	3301.700490322476
1624	3304.0072188412555
1625	3306.3090653876675
1626	3308.605051002402
1627	3310.894215458882
1628	3313.1756212467435
1629	3315.448357462878
1630	3317.7115435922005
1631	3319.964333161072
1632	3322.2059172464983
1633	3324.4355278250446
1634	3326.6524409463254
1635	3328.8559797164307
1636	3331.0455170777796
1637	3333.2204783726447
1638	3335.380343679067
1639	3337.5246499081
1640	3339.6529926533863
1641	3341.76502778458
1642	3343.8604727775364
1643	3345.9391077756536
1644	3348.0007763774706
1645	3350.0453861475553
1646	3352.072908848525
1647	3354.083380393543
1648	3356.076900520115
1649	3358.053632186687
1650	3360.013800695956
1651	3361.9576925487454
1652	3363.8856540347383
1653	3365.798089566666
1654	3367.6954597665235
1655	3369.5782793129683
1656	3371.4471145601756
1657	3373.30258094017
1658	3375.145340160575
1659	3376.976097211587
1660	3378.7955971963356
1661	3380.604621999747
1662	3382.4039868118066
1663	3384.1945365215824
1664	3385.977141999107
1665	3387.7526962826983
1666	3389.52211068961
1667	3391.2863108680244
1668	3393.0462328093345
1669	3394.8028188386847
1670	3396.5570136029237
1671	3398.309760074257
1672	3400.0619955880475
1673	3401.814647933026
1674	3403.56863151187
1675	3405.324843589561
1676	3407.0841606464187
1677	3408.84743485246
1678	3410.615490678797
1679	3412.3891216609654
1680	3414.169087328801
1681	3415.956110315949
1682	3417.7508736617015
1683	3419.554018316613
1684	3421.36614086237
1685	3423.1877914552424
1686	3425.0194720015993
1687	3426.8616345722544
1688	3428.714680061994
1689	3430.578957098375
1690	3432.454761203936
1691	3434.342334213435
1692	3436.2418639475263
1693	3438.1534841419775
1694	3440.0772746315956
1695	3442.0132617852832
1696	3443.961419188829
1697	3445.9216685697597
1698	3447.8938809580277
1699	3449.8778780748676
1700	3451.873433941449
1701	3453.88027669731
1702	3455.8980906180554
1703	3457.926518320755
1704	3459.965163144447
1705	3462.0135916924633
1706	3464.0713365225615
1707	3466.137898970206
1708	3468.212752089477
1709	3470.295343696132
1710	3472.3850994962772
1711	3474.481426284086
1712	3476.5837151919663
1713	3478.6913449758263
1714	3480.8036853184885
1715	3482.9201001340725
1716	3485.039950856257
1717	3487.162599693765
1718	3489.2874128360895
1719	3491.4137635935595
1720	3493.5410354557125
1721	3495.6686250524526
1722	3497.7959450036806
1723	3499.9224266428587
1724	3502.047522601179
1725	3504.1707092400666
1726	3506.2914889196895
1727	3508.4093920932364
1728	3510.5239792166503
1729	3512.6348424650637
1730	3514.741607248325
1731	3516.843933518594
1732	3518.9415168645824
1733	3521.034089388015
1734	3523.121420358967
1735	3525.203316647998
1736	3527.2796229342352
1737	3529.3502216896845
1738	3531.4150329413387
1739	3533.474013813445
1740	3535.5271578544684
1741	3537.574494152758
1742	3539.6160862479846
1743	3541.6520308448025
1744	3543.6824563374867
1745	3545.7075211542938
1746	3547.727411932172
1747	3549.742341532464
1748	3551.752546909833
1749	3553.7582868469453
1750	3555.7598395681584
1751	3557.7575002464237
1752	3559.7515784178413
1753	3561.7423953189796
1754	3563.7302811623094
1755	3565.7155723655624
1756	3567.6986087511737
1757	3569.6797307315987
1758	3571.65927649712
1759	3573.6375792221247
1760	3575.61496430595
1761	3577.591746664482
1762	3579.568228087782
1763	3581.54469467923
1764	3583.5214143911335
1765	3585.498634671019
1766	3587.4765802323814
1767	3589.4554509630607
1768	3591.435419983563
1769	3593.4166318670455
1770	3595.3992010313486
1771	3597.383210313401
1772	3599.368709734352
1773	3601.3557154636146
1774	3603.344208988353
1775	3605.3341364942557
1776	3607.32540846215
1777	3609.317899483691
1778	3611.311448298715
1779	3613.3058580547718
1780	3615.300896789393
1781	3617.296298133187
1782	3619.2917622315213
1783	3621.2869568810247
1784	3623.2815188761742
1785	3625.27505555986
1786	3627.2671465707517
1787	3629.2573457796157
1788	3631.245183405
1789	3633.230168298381
1790	3635.211790387438
1791	3637.1895232656175
1792	3639.162826914919
1793	3641.131150548609
1794	3643.093935559236
1795	3645.050618557272
1796	3647.000634484869
1797	3648.943419788609
1798	3650.878415635375
1799	3652.8050711542132
1800	3654.7228466876427
1801	3656.6312170355673
1802	3658.529674674175
1803	3660.4177329338036
1804	3662.2949291178675
1805	3664.160827547034
1806	3666.0150225117654
1807	3667.857141117628
1808	3669.686846007541
1809	3671.5038379462994
1810	3673.3078582527964
1811	3675.098691066444
1812	3676.8761654348996
1813	3678.640157210928
1814	3680.390590747476
1815	3682.1274403804623
1816	3683.8507316904693
1817	3685.560542534941
1818	3687.257003843871
1819	3688.9403001733713
1820	3690.6106700120395
1821	3692.268405836968
1822	3693.9138539169526
1823	3695.5474138618697
1824	3697.169537918395
1825	3698.780730013801
1826	3700.3815445501255
1827	3701.972584952985
1828	3703.554501980066
1829	3705.1279917956763
1830	3706.693793819036
1831	3708.2526883546257
1832	3709.8054940148754
1833	3711.35306494565
1834	3712.8962878663874
1835	3714.4360789380153
1836	3715.9733804716902
1837	3717.5091574937255
1838	3719.044394180881
1839	3720.5800901829534
1840	3722.117256848581
1841	3723.6569133713742
1842	3725.200082874148
1843	3726.7477884488217
1844	3728.30104917025
1845	3729.860876102271
1846	3731.4282683142724
1847	3733.004208926898
1848	3734.5896612049723
1849	3736.185564715978
1850	3737.7928315718013
1851	3739.412342771534
1852	3741.0449446620514
1853	3742.6914455333554
1854	3744.352612364423
1855	3746.0291677348305
1856	3747.7217869168844
1857	3749.4310951617363
1858	3751.157665192688
1859	3752.902014916943
1860	3754.66460536735
1861	3756.445838883413
1862	3758.246057540423
1863	3760.06554183427
1864	3761.904509628042
1865	3763.7631153657953
1866	3765.6414495568442
1867	3767.5395385335905
1868	3769.457344483927
1869	3771.394765758072
1870	3773.351637448635
1871	3775.327732241217
1872	3777.322761531777
1873	3779.336376805171
1874	3781.368171269092
1875	3783.4176817351113
1876	3785.4843907385284
1877	3787.56772888692
1878	3789.6670774263475
1879	3791.781771013233
1880	3793.9111006790163
1881	3796.054316973541
1882	3798.210633272414
1883	3800.379229233029
1884	3802.559254382828
1885	3804.7498318230278
1886	3806.9500620306167
1887	3809.1590267406127
1888	3811.3757928904447
1889	3813.5994166082533
1890	3815.8289472261254
1891	3818.063431299698
1892	3820.301916615686
1893	3822.543456168035
1894	3824.7871120848954
1895	3827.0319594878647
1896	3829.2770902656525
1897	3831.521616744922
1898	3833.764675241235
1899	3836.005429474024
1900	3838.2430738297107
1901	3840.476836458476
1902	3842.705982190355
1903	3844.9298152577044
1904	3847.147681811979
1905	3849.3589722233683
1906	3851.5631231536386
1907	3853.759619392786
1908	3855.9479954521817
1909	3858.1278369072893
1910	3860.29878148462
1911	3862.460519888993
1912	3864.6127963681743
1913	3866.7554090132226
1914	3868.888209794432
1915	3871.011104333908
1916	3873.1240514169854
1917	3875.2270622458873
1918	3877.320199440946
1919	3879.4035757949932
1920	3881.4773527881885
1921	3883.541738871941
1922	3885.5969875310934
1923	3887.643395135177
1924	3889.6812985902598
1925	3891.711072803662
1926	3893.7331279753803
1927	3895.7479067299982
1928	3897.7558811044582
1929	3899.7575494070184
1930	3901.7534329637065
1931	3903.744072769333
1932	3905.7300260597
1933	3907.7118628228836
1934	3909.6901622675437
1935	3911.66550926568
1936	3913.638490788345
1937	3915.6096923519335
1938	3917.5796944935164
1939	3919.549069292293
1940	3921.518376955017
1941	3923.488162482478
1942	3925.4589524335647
1943	3927.4312518029033
1944	3929.405541028
1945	3931.3822731401583
1946	3933.3618710736837
1947	3935.344725146401
1948	3937.331190723814
1949	3939.321586078362
1950	3941.3161904542785
1951	3943.3152423470747
1952	3945.318938006186
1953	3947.327430167801
1954	3949.340827023599
1955	3951.3591914303615
1956	3953.38254036391
1957	3955.4108446194373
1958	3957.4440287594653
1959	3959.4819713090687
1960	3961.5245051969114
1961	3963.571418439384
1962	3965.622455063762
1963	3967.6773162655027
1964	3969.735661792985
1965	3971.797111552663
1966	3973.861247425612
1967	3975.927615286194
1968	3977.9957272121324
1969	3980.06506387415
1970	3982.135077093297
1971	3984.205192551881
1972	3986.274812644696
1973	3988.34331945529
1974	3990.410077842178
1975	3992.47443861896
1976	3994.5357418121666
1977	3996.59331997995
1978	3998.646501574672
1979	4000.694614332335
1980	4002.7369886712954
1981	4004.772961083084
1982	4006.801877498136
1983	4008.8230966089673
1984	4010.835993134439
1985	4012.83996100801
1986	4014.8344164741975
1987	4016.818801077312
1988	4018.7925845276695
1989	4020.7552674303424
1990	4022.706383863188
1991	4024.645503790886
1992	4026.572235302932
1993	4028.486226664281
1994	4030.3871681685164
1995	4032.2747937843224
1996	4034.1488825868514
1997	4036.0092599670493
1998	4037.855798613041
1999	4039.6884192586904
2000	4041.507091195738
